sample_ID	Genotype	Treatment	ACTBrep1	ACTBrep2	AREGrep1	AREGrep2	ACTB_av	AREG_av	DeltCT	DeltDeltCT	foldEXP
wa	WT	AREG	20.147	18.659	31.684	31.765	19.403	31.7245	12.3215	1.6899999999999995	0.3099269249847467
wa	WT	AREG	18.843	18.925	31.32	31.532	18.884	31.426000000000002	12.542000000000002	1.9105000000000008	0.2660003409432346
wa	WT	AREG	17.936	17.982	30.862	30.549	17.959	30.7055	12.746500000000001	2.115	0.23084557768234867
wa	WT	AREG	18.292	18.324	31.881	32.159	18.308	32.019999999999996	13.711999999999996	3.0804999999999954	0.11821622811760366
w-	WT	Negative	18.673	18.648	30.148	30.143	18.6605	30.1455	11.485	0.8534999999999986	0.5534404511563729
w-	WT	Negative	18.089	18.131	29.111	29.163	18.11	29.137	11.027000000000001	0.3955000000000002	0.7602258567540302
w-	WT	Negative	18.751	18.661	29.424	29.519	18.706000000000003	29.4715	10.765499999999996	0.133999999999995	0.9113012806371447
w-	WT	Negative	18.622	18.555	29.39	29.433	18.5885	29.4115	10.823	0.19149999999999956	0.8756947697894207
wn	WT	none	19.087	19.16	29.645	29.891	19.1235	29.768	10.6445	0.0129999999999999	0.9910295632640792
wn	WT	none	19.333	19.378	29.474	29.496	19.3555	29.485	10.1295	-0.5020000000000007	1.4161754382145446
wn	WT	none	18.657	18.685	29.015	29.158	18.671	29.0865	10.415500000000002	-0.2159999999999993	1.1615087319257216
wn	WT	none	18.568	18.551	29.806	29.986	18.5595	29.896	11.336500000000001	0.7050000000000001	0.613442488626902
9a	Ex9	AREG	17.955	17.987	37.528	29.615	17.970999999999997	33.5715	15.600500000000004	6.337000000000005	0.012370091654238576
9a	Ex9	AREG	18.863	18.836	29.52	29.647	18.8495	29.5835	10.734000000000002	1.470500000000003	0.3608572136261476
9a	Ex9	AREG	19.125	19.096	30.633	30.241	19.110500000000002	30.436999999999998	11.326499999999996	2.062999999999997	0.2393178645488249
9a	Ex9	AREG	18.168	18.2	29.135	28.996	18.183999999999997	29.0655	10.881500000000003	1.6180000000000039	0.3257867873408226
9-	Ex9	Negative	17.96	17.972	27.975	27.788	17.966	27.881500000000003	9.915500000000002	0.6520000000000028	0.6363974676379702
9-	Ex9	Negative	18.262	18.233	28.107	27.873	18.247500000000002	27.990000000000002	9.7425	0.479000000000001	0.7174747673033511
9-	Ex9	Negative	17.74	17.752	27.43	27.223	17.746	27.3265	9.5805	0.31700000000000195	0.8027373887159523
9-	Ex9	Negative	18.512	18.673	28.83	28.622	18.5925	28.726	10.133499999999998	0.8699999999999992	0.54714685063037
9n	Ex9	none	17.941	17.981	27.342	27.291	17.961	27.316499999999998	9.3555	0.09200000000000053	0.9382211965006708
9n	Ex9	none	18.302	18.276	27.252	27.11	18.289	27.180999999999997	8.891999999999996	-0.37150000000000283	1.2936972154900812
9n	Ex9	none	17.873	17.83	26.627	26.425	17.8515	26.526	8.674499999999998	-0.5890000000000004	1.504203751388688
9n	Ex9	none	18.727	18.695	28.838	28.848	18.711	28.843	10.132000000000001	0.8685000000000027	0.5477160264163381
20a	Ex20	AREG	19.187	19.149	29.755	29.974	19.168	29.8645	10.6965	2.0165000000000006	0.24715705614178868
20a	Ex20	AREG	18.558	18.602	29.173	29.932	18.58	29.5525	10.9725	2.2925000000000004	0.2041214923987671
20a	Ex20	AREG	17.975	17.931	29.18	29.733	17.953000000000003	29.4565	11.503499999999995	2.8234999999999957	0.1412673528718794
20a	Ex20	AREG	18.926	18.97	29.567	30.138	18.948	29.8525	10.904499999999999	2.224499999999999	0.21397290092814175
20-	Ex20	Negative	18.926	18.923	28.369	29.149	18.9245	28.759	9.834500000000002	1.1545000000000023	0.44922184789499114
20-	Ex20	Negative	19.014	19.005	27.71	28.231	19.0095	27.9705	8.961000000000002	0.28100000000000236	0.8230203452787067
20-	Ex20	Negative	18.756	18.793	27.346	27.934	18.7745	27.64	8.8655	0.1855000000000011	0.8793442656066598
20-	Ex20	Negative	19.363	19.33	28.477	29.193	19.3465	28.835	9.488500000000002	0.8085000000000022	0.5709752042029839
20n	Ex20	none	19.508	19.448	28.379	29.191	19.478	28.785	9.306999999999999	0.6269999999999989	0.647521499427213
20n	Ex20	none	20.566	20.283	28.09	28.557	20.424500000000002	28.3235	7.898999999999997	-0.7810000000000024	1.7183215098943723
20n	Ex20	none	19.987	19.99	27.822	28.668	19.9885	28.244999999999997	8.256499999999999	-0.42350000000000065	1.341177327684712
20n	Ex20	none	19.764	19.863	28.635	29.507	19.813499999999998	29.071	9.257500000000004	0.5775000000000041	0.6701240082566543
